Teleport: 190.160751, 39.823349, -76.1836243, 0.827517867, -0.0146182692, 0.561249077, -0.00549418107, 0.999402285, 0.0341311283, -0.561412513, -0.0313277207, 0.826942921
Teleport: 190.736679, 39.7797241, -73.8248215, 0.865180254, -0.00218528067, 0.501456201, -0.00130408164, 0.999977291, 0.00660774903, -0.501459241, -0.00637083407, 0.865157783
Teleport: 191.788193, 39.5396156, -69.3848267, 0.875325024, -0.012738009, 0.483367205, -0.0037764993, 0.999442339, 0.0331767835, -0.483520269, -0.0308659058, 0.874788821
Teleport: 193.991882, 39.4774971, -60.1781578, 0.923222184, -0.0110154366, 0.384108603, -0.00331547391, 0.999323487, 0.0366274118, -0.38425222, -0.0350887403, 0.922561109
Teleport: 195.5103, 39.8013916, -53.8544159, 0.969039381, -0.0239863023, 0.245738313, 0.00224650931, 0.996085346, 0.0883681849, -0.246895954, -0.0850801989, 0.965299845
Teleport: 197.4198, 39.8430901, -45.3582001, 0.993985951, -0.00500654429, 0.109393306, -0.000379167846, 0.998791039, 0.0491563827, -0.109507158, -0.0489022285, 0.992782354
Teleport: 199.021805, 39.7571945, -37.214798, 0.997225344, -0.00658534141, -0.0741505548, 0.00814993307, 0.999750078, 0.0208174326, 0.0739949346, -0.0213639941, 0.997029781
Teleport: 200.368057, 39.3738441, -33.6060371, 0.99828589, -0.00149712432, -0.0585069954, 0.00252003665, 0.999845207, 0.0174137224, 0.0584718697, -0.017531313, 0.99813509
Teleport: 200.368332, 39.5805435, -33.6314926, 0.996434093, -0.00144067279, -0.0843626037, 0.00271483976, 0.99988395, 0.0149906864, 0.0843312144, -0.0151662622, 0.996322334
Teleport: 200.363892, 39.7548904, -33.6729507, 0.994319201, -0.000755089219, -0.10643667, 0.001556098, 0.999971092, 0.00744283618, 0.106427975, -0.00756618055, 0.994291604
Teleport: 200.351227, 39.8549309, -33.7379341, 0.993125021, -0.000133737878, -0.117058583, 0.000372979033, 0.999997914, 0.00202186964, 0.117058069, -0.00205162982, 0.993122935
Teleport: 200.333191, 39.9125862, -33.8191605, 0.992479563, 0.00010078073, -0.122410454, -8.35561295e-05, 1, 0.000145845246, 0.122410469, -0.000134520291, 0.992479563
Teleport: 200.313553, 39.9466248, -33.9040871, 0.992071748, 0.000127211693, -0.125672802, -0.000154516136, 0.99999994, -0.000207518227, 0.125672773, 0.000225291442, 0.992071748
Teleport: 200.29335, 39.9675255, -33.9898338, 0.991762698, 0.000121159894, -0.128088847, -0.00016330558, 0.99999994, -0.000318532751, 0.128088802, 0.000336826546, 0.991762638
Teleport: 200.272903, 39.9810791, -34.0758629, 0.991456151, 0.000117992255, -0.130440235, -0.00016318183, 0.99999994, -0.000335750548, 0.13044019, 0.000354167423, 0.991456091
Teleport: 200.247162, 39.9925308, -34.1832504, 0.991076171, 0.000123646634, -0.133296609, -0.000175419904, 0.99999994, -0.000376662705, 0.133296549, 0.000396684307, 0.991076112
Teleport: 200.231659, 39.997818, -34.247364, 0.990858853, 0.000130796063, -0.13490282, -0.00019028908, 0.999999881, -0.000428112398, 0.134902745, 0.000449869491, 0.990858734
Teleport: 200.210983, 40.0038338, -34.3322258, 0.99058491, 0.000141149663, -0.136899799, -0.000214799671, 0.999999821, -0.000523212366, 0.13689971, 0.000547692296, 0.990584791
Teleport: 192.909805, 44.2152596, -30.7997665, 0.989297032, 0.00559166027, -0.145808682, -0.00339573156, 0.999877095, 0.0153048914, 0.145876348, -0.0146459555, 0.989194393
Teleport: 183.327713, 38.8469505, -25.3436356, 0.982050896, -0.00566765806, -0.188530877, 0.00425419305, 0.999959707, -0.00790107064, 0.188568056, 0.00695720641, 0.982035458
Teleport: 178.03215, 38.6047401, -23.9566059, 0.996417582, 0.000820794376, -0.084565185, -5.54867693e-05, 0.999959052, 0.00905186683, 0.0845691487, -0.00901474711, 0.996376812
Teleport: 167.697983, 38.1220703, -19.1137333, 0.99902451, 0.000169534484, -0.0441593416, 0.000469349878, 0.999895394, 0.0144569362, 0.0441571698, -0.0144635597, 0.998919904
Teleport: 160.653214, 38.2405472, -15.2836018, 0.999918878, 0.00566731021, -0.011407366, -0.00542970281, 0.999769866, 0.0207536072, 0.0115223574, -0.0206899848, 0.99971956
Teleport: 156.604477, 37.8207893, -13.6828766, 0.999946296, -0.00172049098, 0.0102225477, 0.00155695167, 0.999871016, 0.015984375, -0.01024873, -0.0159676, 0.999819994
Teleport: 149.235809, 38.1482162, -9.53220749, 0.999639213, 0.000787081779, 0.0268478021, -0.00127870275, 0.999831736, 0.0182991549, -0.0268288814, -0.0183268823, 0.999472022
Teleport: 141.531097, 37.5500259, -5.04434013, 0.999591529, 0.000487311947, 0.0285751503, -0.000937695615, 0.999875546, 0.0157500971, -0.0285639185, -0.0157704577, 0.999467552
Teleport: 134.813705, 36.9494514, -0.774228334, 0.997864306, 0.0286675747, 0.0586941093, -0.0285972673, 0.999588966, -0.00203767372, -0.0587284006, 0.000354830816, 0.998273909
Teleport: 125.976326, 36.704792, 4.01666403, 0.999884367, -0.000613591459, 0.0151928253, 0.000616199744, 0.999999821, -0.000166995422, -0.0151927201, 0.000176337926, 0.999884546
Teleport: 117.515739, 36.212986, 8.94616699, 0.999990046, -0.000161423683, 0.00445528096, 0.000153650195, 0.99999845, 0.00174506579, -0.0044555557, -0.00174436392, 0.999988556
Teleport: 112.233208, 35.9782104, 12.0115948, 0.999995351, -0.000109787972, 0.00305566471, 0.000106607491, 0.999999464, 0.00104099128, -0.00305577717, -0.00104066066, 0.999994814
Teleport: 105.762802, 35.7076912, 15.7562914, 0.999997318, -1.80955431e-05, 0.00232720771, 1.78520513e-05, 1, 0.000104649072, -0.00232720957, -0.000104607243, 0.999997258
Teleport: 98.7646713, 36.0782127, 19.8566647, 0.999997377, 0.00203803647, 0.00104225799, -0.00203738501, 0.999997735, -0.000625733868, -0.00104353088, 0.000623608707, 0.999999285
Teleport: 98.506073, 36.4984016, 20.0757484, 0.999994934, 0.00162057381, 0.00274952501, -0.0016187178, 0.99999845, -0.000677095319, -0.00275061815, 0.000672641152, 0.999996006
Teleport: 90.6836243, 38.6087112, 24.7114105, 0.999924839, 0.0014949349, 0.0121698221, -0.00145611481, 0.999993801, -0.0031980956, -0.0121745281, 0.00318013458, 0.999920845
Teleport: 83.65979, 39.0305481, 28.8538914, 0.999987781, -0.00222626585, 0.00441662222, 0.00223779934, 0.999994099, -0.00260815374, -0.00441078935, 0.00261800527, 0.999986827
Teleport: 76.4259186, 38.6731949, 32.6541939, 0.999817371, -0.00179674465, 0.0190249402, 0.00181132858, 0.999998093, -0.000749362924, -0.0190235581, 0.000783686468, 0.999818742
Teleport: 69.3342972, 38.5130882, 36.6992188, 0.99996537, 0.00123429066, 0.00823343545, -0.00124003319, 0.999998987, 0.000692389905, -0.00823257212, -0.000702575606, 0.999965847
Teleport: 62.38451, 38.5364037, 40.664917, 0.999982595, 0.000120380224, 0.00589919975, -0.000120990888, 1, 0.000103159582, -0.00589918718, -0.000103871535, 0.999982595
Teleport: 55.1195869, 38.7515678, 44.8097305, 0.999991357, 0.000109355329, 0.00415839907, -0.000109386172, 1, 7.18920865e-06, -0.00415839814, -7.64401739e-06, 0.999991357
Teleport: 47.7303619, 38.8510818, 49.0234871, 0.999994993, -2.2003338e-05, 0.00316716684, 2.22383132e-05, 1, -7.41553085e-05, -0.00316716521, 7.42253687e-05, 0.999994993
Teleport: 40.0223312, 39.1936836, 53.4235306, 0.999998271, 1.20313302e-06, 0.00186995964, -1.0846411e-06, 1, -6.33670352e-05, -0.00186995976, 6.33648961e-05, 0.999998271
Teleport: 33.057003, 39.4833183, 57.3971748, 0.999999285, -5.60777116e-05, 0.00120807136, 5.61501365e-05, 1, -5.99170926e-05, -0.00120806799, 5.99848827e-05, 0.999999285
Teleport: 32.729126, 39.4450226, 57.584774, 0.999999881, -5.59372311e-05, 0.000540889392, 5.59965811e-05, 1, -0.000109715322, -0.000540883222, 0.000109745597, 0.999999821
Teleport: 26.2131176, 38.5024643, 62.2706757, 0.999998808, -3.70867783e-05, 0.00154193502, 3.71940987e-05, 1, -6.95706694e-05, -0.00154193235, 6.96279385e-05, 0.999998808
Teleport: 19.1184902, 37.8123474, 67.3789673, 0.999998927, -2.98733121e-05, 0.00146659976, 2.9953233e-05, 1, -5.44715549e-05, -0.00146659813, 5.45154253e-05, 0.999998927
Teleport: 12.2595358, 37.1433372, 72.3175354, 0.999999166, -2.90751341e-05, 0.00130928599, 2.9143097e-05, 1, -5.18890447e-05, -0.00130928447, 5.19271562e-05, 0.999999166
Teleport: 5.10842848, 36.4481506, 77.4664154, 0.999999285, -2.48206379e-05, 0.00119819422, 2.48724064e-05, 1, -4.31902808e-05, -0.00119819317, 4.32200504e-05, 0.999999285
Teleport: -2.48319292, 35.7134743, 82.9324112, 0.999999404, -2.01730145e-05, 0.00110407162, 2.02106639e-05, 1, -3.40892402e-05, -0.00110407092, 3.41115338e-05, 0.999999404
Teleport: -8.63174725, 35.1080894, 87.3593674, 0.999999583, -2.36070209e-05, 0.000889563991, 2.36421911e-05, 1, -3.95263669e-05, -0.00088956306, 3.95473835e-05, 0.999999583
Teleport: -14.6087093, 34.5182266, 91.6632614, 0.999999821, -1.13607775e-05, 0.000645573426, 1.13773531e-05, 1, -2.56731219e-05, -0.000645573135, 2.56804615e-05, 0.999999762
Teleport: -21.4792595, 33.8483276, 96.6104889, 1, -1.67112812e-05, 0.000236464228, 1.67175967e-05, 1, -2.67099349e-05, -0.000236463777, 2.67138876e-05, 1
Teleport: -28.3850193, 34.2555618, 101.580437, 0.99999994, -3.56996534e-05, 0.000293813559, 3.57158788e-05, 1, -5.52190759e-05, -0.000293811609, 5.52295642e-05, 0.99999994
Teleport: -30.3066902, 35.3452797, 103.0401, 0.999966443, 0.00798970368, -0.00179883663, -0.00798314251, 0.999961555, 0.00362574146, 0.00182773627, -0.0036112594, 0.999991834
Teleport: -37.3908081, 37.5856056, 107.976364, 0.999999046, -0.00104554906, -0.000871483295, 0.00104484824, 0.999999106, -0.000804285053, 0.000872323464, 0.000803373754, 0.999999285
Teleport: -43.7605171, 38.5860634, 112.401215, 0.999999285, 0.00110906933, -0.000505492149, -0.00110879506, 0.999999225, 0.000542727532, 0.000506093667, -0.000542166585, 0.999999702
Teleport: -51.1116982, 39.8227386, 117.521172, 0.999999523, 0.000789735175, -0.000542889, -0.000789554615, 0.999999642, 0.000332725584, 0.000543151575, -0.000332296768, 0.999999821
Teleport: -57.3337288, 40.9863701, 121.851852, 0.999999285, 0.000699302764, 0.000987687963, -0.000699650554, 0.999999702, 0.00035182896, -0.000987441628, -0.000352519739, 0.999999464
Teleport: -64.433136, 42.6344757, 126.790886, 0.999993622, 0.000485147495, 0.00354360836, -0.00048608979, 0.999999821, 0.000265061448, -0.00354347937, -0.00026678227, 0.999993682
Teleport: -70.9454498, 44.1498451, 131.327423, 0.999985993, -0.000147130355, 0.00529488828, 0.000148004605, 1, -0.000164719706, -0.00529486407, 0.000165501056, 0.999985993
Teleport: -78.408989, 45.061264, 136.519928, 0.999985814, 0.000131428751, 0.00532353297, -0.000132075613, 1, 0.000121158446, -0.00532351667, -0.000121859834, 0.999985814
Teleport: -79.2940216, 45.0461082, 137.136917, 0.999990106, 6.53412862e-05, 0.00444212323, -6.54831529e-05, 1, 3.17907943e-05, -0.00444212137, -3.2081367e-05, 0.999990106
Teleport: -84.6238861, 46.8938446, 143.186127, 0.999981403, 2.9187071e-05, 0.00609436352, -2.90272001e-05, 1, -2.63209968e-05, -0.00609436398, 2.61436053e-05, 0.999981403
Teleport: -90.0714798, 48.5209618, 149.368286, 0.999979198, 9.2739625e-05, 0.00645188615, -9.29471644e-05, 1, 3.18668754e-05, -0.00645188289, -3.24658977e-05, 0.999979198
Teleport: -95.5406723, 49.982399, 155.574982, 0.99998039, 9.76863448e-05, 0.00626434758, -9.78512762e-05, 1, 2.60226861e-05, -0.00626434479, -2.6635149e-05, 0.99998039
Teleport: -101.18972, 52.0868416, 161.986206, 0.999983907, 5.85673042e-05, 0.00566894468, -5.83589535e-05, 1, -3.69187874e-05, -0.00566894654, 3.65873639e-05, 0.999983907
Teleport: -106.210411, 53.6800957, 167.684021, 0.999991119, 4.21465156e-05, 0.00420955569, -4.20299984e-05, 1, -2.7767388e-05, -0.00420955662, 2.7590213e-05, 0.999991119
Teleport: -111.458534, 55.2447243, 173.639343, 0.999993801, 8.23694936e-05, 0.00351791829, -8.24194722e-05, 1, 1.40609636e-05, -0.00351791712, -1.43508214e-05, 0.999993801
Teleport: -117.190666, 56.959877, 180.144547, 0.999996126, 7.18468946e-05, 0.0027904287, -7.18532028e-05, 1, 2.16001172e-06, -0.0027904287, -2.3605046e-06, 0.999996126
Teleport: -121.339371, 58.2167168, 184.852737, 0.999997675, 6.43289677e-05, 0.00214872882, -6.43203821e-05, 1, -4.06645904e-06, -0.00214872905, 3.92824268e-06, 0.999997675
Teleport: -128.732651, 62.2038269, 188.76001, 0.999995232, 4.53393259e-05, 0.00308288937, -4.52435779e-05, 1, -3.11266595e-05, -0.00308289076, 3.09870302e-05, 0.999995232
Teleport: -134.49855, 64.9860687, 191.813492, 0.999996364, 5.34235551e-05, 0.00269233505, -5.33889724e-05, 1, -1.29164746e-05, -0.00269233575, 1.27726871e-05, 0.999996364
Teleport: -141.834549, 69.2190475, 195.693497, 0.999996543, 5.49730394e-05, 0.00262951269, -5.48694879e-05, 1, -3.94525487e-05, -0.00262951502, 3.93081318e-05, 0.999996543
Teleport: -148.234863, 72.6051712, 199.075638, 0.999997735, 2.48032975e-05, 0.00212318497, -2.46868185e-05, 1, -5.48869648e-05, -0.00212318636, 5.48344251e-05, 0.999997735
Teleport: -155.505569, 76.3317642, 202.932831, 0.999998629, 5.94813755e-05, 0.0016721026, -5.94578414e-05, 1, -1.41257224e-05, -0.00167210342, 1.40262828e-05, 0.999998629
Teleport: -161.560654, 79.8793259, 206.139267, 0.999998629, 0.00124734046, 0.00110481877, -0.00124735746, 0.999999225, 1.46308066e-05, -0.00110479968, -1.60088894e-05, 0.999999404
Teleport: -165.946396, 81.7302322, 208.45282, 0.999998987, -0.000311951386, 0.00139845058, 0.000312033459, 0.99999994, -5.84595655e-05, -0.0013984323, 5.88958719e-05, 0.999999046
Teleport: -173.47081, 83.6197281, 213.643738, 0.999997675, -1.54726604e-05, 0.00215095119, 1.55475354e-05, 1, -3.47933128e-05, -0.00215095049, 3.48266767e-05, 0.999997675
Teleport: -179.700684, 85.0984726, 217.944962, 0.999996722, 6.71514717e-05, 0.00256451475, -6.70590671e-05, 1, -3.61185848e-05, -0.00256451708, 3.59464902e-05, 0.999996722
Teleport: -188.158157, 87.0462036, 223.781982, 0.999998331, -1.97874442e-06, 0.00181745575, 2.04823959e-06, 1, -3.82357466e-05, -0.00181745575, 3.82394064e-05, 0.999998331
Teleport: -193.123856, 88.1907883, 227.210266, 0.99999851, 5.34000174e-05, 0.00172239949, -5.33546809e-05, 1, -2.63678303e-05, -0.00172240101, 2.62758931e-05, 0.99999851
Teleport: -201.30983, 90.2032394, 232.861206, 0.999999106, 3.87262335e-05, 0.00131427427, -3.86844404e-05, 1, -3.18260318e-05, -0.00131427555, 3.17751619e-05, 0.999999166
Teleport: -206.912491, 91.9879913, 236.722733, 0.999999285, 8.26820615e-05, 0.00119722809, -8.26724427e-05, 1, -8.08676032e-06, -0.00119722879, 7.98777637e-06, 0.999999285
Teleport: -212.034332, 92.9658661, 240.258408, 0.999999404, 7.83647847e-05, 0.00108713075, -7.83626383e-05, 1, -2.01789658e-06, -0.00108713086, 1.93270489e-06, 0.999999404
Teleport: -218.007431, 95.0808334, 247.413635, 0.999999106, 5.50407749e-05, 0.00132876344, -5.50312434e-05, 1, -7.20923617e-06, -0.00132876378, 7.13610643e-06, 0.999999106
Teleport: -222.297073, 96.466629, 252.550797, 0.999999046, 3.41784253e-05, 0.00137837825, -3.41561354e-05, 1, -1.61935241e-05, -0.00137837883, 1.61464286e-05, 0.999999046
Teleport: -228.897934, 98.7827759, 260.457733, 0.999998569, 8.32588048e-05, 0.00167795387, -8.32139558e-05, 1, -2.67988489e-05, -0.00167795608, 2.66591815e-05, 0.999998569
Teleport: -235.983719, 101.154335, 268.946045, 0.999999583, 6.79142322e-05, 0.000928854453, -6.79287841e-05, 1, 1.56297374e-05, -0.000928853406, -1.56928272e-05, 0.999999583
Teleport: -239.273895, 102.243629, 272.884796, 0.999999762, 3.45885819e-05, 0.000659036799, -3.45875342e-05, 1, -1.60075092e-06, -0.000659036858, 1.57795614e-06, 0.999999762
Teleport: -244.206177, 104.826805, 278.470337, 0.999724746, -0.0223801173, 0.00704321172, 0.0224778242, 0.999647737, -0.0141131785, -0.00672487635, 0.0142676095, 0.999875605
Teleport: -248.672714, 105.584213, 284.143799, 0.999998212, 0.00110109488, 0.00152955693, -0.00110215717, 0.999999166, 0.000693790324, -0.00152879173, -0.000695474911, 0.999998569
Teleport: -251.133636, 106.44059, 287.090851, 0.99999994, -0.000134514441, 0.000296011538, 0.000134538146, 1, -8.00669295e-05, -0.00029600077, 8.01067508e-05, 0.99999994
Teleport: -253.307388, 112.648537, 292.631531, 0.999999881, 1.40361508e-05, 0.000469141698, -1.40409775e-05, 1, 1.02863578e-05, -0.000469141552, -1.02929444e-05, 0.999999881
Teleport: -255.222458, 118.022369, 297.509277, 0.999999881, 7.26571961e-05, 0.000519213325, -7.26832368e-05, 1, 5.01289687e-05, -0.000519209716, -5.01666982e-05, 0.999999881
Teleport: -257.589508, 124.547043, 303.513519, 0.99999994, 2.16794015e-05, 0.000352474453, -2.16827211e-05, 1, 9.41711914e-06, -0.00035247425, -9.42476163e-06, 0.99999994
Teleport: -259.391937, 129.564911, 308.104858, 0.99999994, 7.64012439e-05, 0.000353039475, -7.64206779e-05, 1, 5.50377626e-05, -0.000353035255, -5.50647383e-05, 0.99999994
Teleport: -261.597595, 135.958008, 313.728577, 0.999999881, 0.000145568585, 0.000485679018, -0.00014562349, 1, 0.000113023503, -0.000485662575, -0.000113094218, 0.999999881
Teleport: -268.658936, 138.37442, 318.275574, 0.999999702, 0.000163289835, 0.000743924524, -0.000163383433, 1, 0.00012575592, -0.000743903976, -0.000125877428, 0.999999702
Teleport: -274.757812, 140.300766, 322.20636, 0.999999702, 0.000124641752, 0.0007670708, -0.000124712751, 1, 9.25084023e-05, -0.000767059217, -9.26040375e-05, 0.999999702
Teleport: -281.759796, 142.308655, 326.724976, 0.999999881, 3.67357788e-05, 0.000523033028, -3.67366083e-05, 1, 1.57553325e-06, -0.00052303297, -1.59474746e-06, 0.999999881
Teleport: -288.448303, 144.485672, 331.035004, 0.999999821, 0.00010709792, 0.000576633785, -0.000107129788, 1, 5.52272868e-05, -0.000576627848, -5.52890524e-05, 0.999999821
Teleport: -293.666809, 145.673492, 334.394196, 0.999999821, 0.000189218612, 0.000531487225, -0.000189299812, 1, 0.000152735942, -0.000531458354, -0.000152836525, 0.999999821
Teleport: -300.454926, 149.641113, 338.454956, 0.999799609, -0.0185360629, 0.00756173441, 0.0186574347, 0.999692917, -0.0163091067, -0.00725710532, 0.0164469201, 0.999838412
Teleport: -306.096832, 155.14859, 341.938171, 0.999999821, 0.000285324728, 0.000556675834, -0.000286069844, 0.999999046, 0.00133886491, -0.000556293351, -0.00133902382, 0.999998927
Teleport: -311.798798, 160.372513, 345.630005, 0.999975979, 0.00579011953, 0.00380777009, -0.00570321456, 0.99973166, -0.0224511195, -0.0039367429, 0.0224288646, 0.99974072
Teleport: -317.485657, 163.753281, 348.847412, 0.999999762, -0.000149397965, 0.000630916737, 0.000148891704, 0.999999642, 0.000802384166, -0.000631036412, -0.000802290044, 0.999999464
Teleport: -323.536163, 168.308121, 352.521088, 1, 2.68850599e-05, 0.000186292091, -2.68749227e-05, 1, -5.44263094e-05, -0.000186293546, 5.44213035e-05, 1
Teleport: -329.042755, 172.796249, 355.860016, 0.99999994, 0.000143359866, 0.000306868693, -0.000143393481, 1, 0.000109551496, -0.000306852977, -0.000109595487, 0.99999994
Teleport: -333.802216, 175.42363, 361.887695, 0.999999642, 0.000208837868, 0.00078802841, -0.000208962374, 0.99999994, 0.000157917137, -0.000787995406, -0.000158081748, 0.999999702
Teleport: -339.104523, 177.964035, 368.587952, 0.99999994, 4.94197629e-05, 0.000336829951, -4.94317501e-05, 1, 3.55789671e-05, -0.000336828176, -3.55956181e-05, 0.99999994
Teleport: -343.732666, 180.263992, 374.443329, 0.99999994, 0.000109766268, 0.000388865534, -0.000109799024, 1, 8.42198788e-05, -0.000388856279, -8.42625668e-05, 0.99999994
Teleport: -348.678558, 182.777298, 380.696777, 1, 1.31648621e-05, 0.00019149101, -1.31669194e-05, 1, 1.07405931e-05, -0.000191490879, -1.07431142e-05, 1
Teleport: -353.648102, 185.302017, 386.982391, 1, 2.73297483e-05, 0.000159836549, -2.73332062e-05, 1, 2.16354674e-05, -0.000159835952, -2.16398366e-05, 1
Teleport: -358.610687, 187.822937, 393.260101, 1, 5.6987461e-05, 0.000173377965, -5.69954136e-05, 1, 4.58730756e-05, -0.000173375345, -4.58829563e-05, 1
Teleport: -363.448334, 190.751968, 399.383026, 0.99999994, 0.000220729111, 0.000327239337, -0.000220791626, 0.99999994, 0.00019100905, -0.000327197165, -0.000191081286, 0.99999994
Teleport: -368.241455, 193.762589, 405.451385, 0.999999821, 0.000327274174, 0.000514844491, -0.000327423884, 0.999999881, 0.000290747033, -0.000514749321, -0.000290915545, 0.999999821
Teleport: -373.231293, 195.9776, 411.753998, 1, 3.38224418e-05, 0.000126484461, -3.38258469e-05, 1, 2.69137508e-05, -0.000126483559, -2.69180291e-05, 1
Teleport: -378.041412, 195.873352, 418.085052, 0.99999994, 0.000115648938, 0.000327291142, -0.00011568192, 1, 0.000100750811, -0.0003272795, -0.000100788668, 0.99999994
Teleport: -385.988892, 195.393509, 428.533875, 1, -1.21198354e-06, 0.000116761657, 1.2121269e-06, 1, -1.2278332e-06, -0.000116761657, 1.22797474e-06, 1
Teleport: -391.805054, 195.025543, 436.183136, 1, 1.18946173e-05, 7.66377416e-05, -1.1895414e-05, 1, 1.0394946e-05, -7.66376179e-05, -1.03958573e-05, 1
Teleport: -396.181335, 194.770782, 441.939026, 1, 9.81789071e-06, 6.02230466e-05, -9.8183973e-06, 1, 8.40634857e-06, -6.02229629e-05, -8.40693974e-06, 1
Teleport: -399.624756, 194.533966, 446.468018, 1, 8.40504254e-06, 5.15938045e-05, -8.40542907e-06, 1, 7.48822504e-06, -5.1593739e-05, -7.48865887e-06, 1
Teleport: -405.121704, 194.200943, 453.697693, 1, 8.03739385e-06, 3.55963748e-05, -8.03765215e-06, 1, 7.25668133e-06, -3.55963166e-05, -7.25696736e-06, 1
Teleport: -410.339447, 193.882065, 460.560303, 1, 8.6625214e-06, 1.80874376e-05, -8.66266964e-06, 1, 8.21738558e-06, -1.80873667e-05, -8.21754202e-06, 1
Teleport: -412.98764, 194.011414, 464.043976, 1, 5.42861162e-05, 5.81620807e-05, -5.42890048e-05, 1, 4.97002329e-05, -5.81593849e-05, -4.97033907e-05, 1
Teleport: -420.392975, 193.536942, 460.798767, 0.99999994, 0.000247874996, 0.000336913567, -0.00024795378, 0.99999994, 0.000233774816, -0.000336855592, -0.000233858329, 0.99999994
Teleport: -427.913544, 193.079208, 457.548981, 1, -3.97250114e-05, 6.2233521e-05, 3.9727347e-05, 1, -3.75299824e-05, -6.22320294e-05, 3.75324526e-05, 1
Teleport: -435.637695, 192.908463, 454.186554, 1, 6.25977045e-05, 9.22623512e-05, -6.26024848e-05, 1, 5.1773357e-05, -9.22591062e-05, -5.17791341e-05, 1
Teleport: -443.113342, 192.514328, 450.908569, 0.999999881, 0.000348042784, 0.000386245403, -0.000348153932, 0.999999881, 0.00028777984, -0.000386145199, -0.00028791427, 0.999999881
Teleport: -450.89151, 191.992966, 447.543488, 1, 8.92206299e-05, 0.000172515443, -8.92321259e-05, 1, 6.66047927e-05, -0.000172509492, -6.66201886e-05, 1
Teleport: -458.39389, 192.252975, 444.278076, 0.99999994, 0.000179216193, 0.000194747903, -0.000179242648, 1, 0.000135828494, -0.000194723543, -0.000135863389, 1
Teleport: -466.163574, 191.568771, 440.874207, 0.999999821, 0.000397737283, 0.000458845549, -0.000397883268, 0.999999881, 0.000318083563, -0.000458718976, -0.000318266073, 0.999999821
Teleport: -471.038696, 186.784042, 443.940735, 0.999993026, -0.00172432791, -0.00330445357, 0.001730558, 0.999996722, 0.00188341166, 0.0033011951, -0.00188911706, 0.999992788
Teleport: -476.163269, 180.449066, 446.93042, 0.999999344, 0.000927223824, 0.000662988692, -0.00092705217, 0.999999523, -0.000259165041, -0.000663228682, 0.000258550252, 0.999999762
Teleport: -481.037689, 174.666458, 449.888184, 0.99999994, 4.42211604e-05, 0.000393741997, -4.42631463e-05, 1, 0.000106624808, -0.000393737282, -0.000106642226, 0.99999994
Teleport: -486.043243, 168.479187, 452.922546, 0.99999994, 8.01652714e-05, 0.000263688591, -8.01792339e-05, 1, 5.29260833e-05, -0.000263684342, -5.29472236e-05, 0.99999994
Teleport: -491.335907, 163.033279, 456.04306, 0.999984443, -0.00217452203, 0.00514187012, 0.00218052324, 0.99999696, -0.00116178661, -0.00513932807, 0.00117298041, 0.999986112
Teleport: -496.128723, 156.745544, 459.034271, 0.999999583, 0.000829593046, 0.00037154142, -0.000829780416, 0.999999523, 0.000504328054, -0.000371122849, -0.000504636148, 0.999999821
Teleport: -500.444305, 151.61235, 461.651184, 1, -5.55680854e-05, 4.23514393e-05, 5.55696643e-05, 1, -3.72872892e-05, -4.23493657e-05, 3.72896429e-05, 1
Teleport: -502.83374, 145.121262, 457.473053, 1, -2.03909394e-06, 5.07260993e-05, 2.03917944e-06, 1, -1.68954989e-06, -5.07260957e-05, 1.68965335e-06, 1
Teleport: -505.207184, 138.208115, 453.324249, 1, 1.65818233e-06, 4.4210512e-05, -1.65821825e-06, 1, 8.10379163e-07, -4.4210512e-05, -8.10452491e-07, 1
Teleport: -507.55423, 131.371307, 449.221527, 1, 3.1344955e-06, 3.90478781e-05, -3.13456121e-06, 1, 1.68249335e-06, -3.90478745e-05, -1.68261568e-06, 1
Teleport: -509.952484, 124.386475, 445.029297, 1, 4.94305732e-06, 3.39027683e-05, -4.94315145e-06, 1, 2.77529421e-06, -3.39027538e-05, -2.77546178e-06, 1
Teleport: -512.353638, 117.39328, 440.832031, 1, 6.70595728e-06, 2.87370694e-05, -6.70606687e-06, 1, 3.81808923e-06, -2.8737044e-05, -3.81828158e-06, 1
Teleport: -514.775391, 110.340515, 436.598724, 1, 8.79763957e-06, 2.36680189e-05, -8.79776235e-06, 1, 5.1665088e-06, -2.36679734e-05, -5.16671707e-06, 1
Teleport: -517.106812, 103.548912, 432.523346, 1, 1.19847909e-05, 1.82765089e-05, -1.19849283e-05, 1, 7.49416768e-06, -1.82764197e-05, -7.49438686e-06, 1
Teleport: -518.663147, 98.996521, 429.802521, 1, 1.69561081e-05, 1.45174063e-05, -1.695627e-05, 1, 1.11069621e-05, -1.4517218e-05, -1.11072086e-05, 1
Teleport: -519.805176, 107.848862, 430.077972, 0.999800742, 0.0188376177, -0.00660257973, -0.0187770352, 0.999782085, 0.00912064873, 0.00677295215, -0.00899485499, 0.999936581
Teleport: -521.995728, 116.03199, 430.763, 0.995701015, -0.0771007165, 0.0513324253, 0.0703824535, 0.990052283, 0.121830747, -0.0602150224, -0.117694087, 0.99122262
Teleport: -524.378479, 124.479454, 431.278778, 0.996543348, 0.0821918026, 0.0120795174, -0.0818908289, 0.996361911, -0.0235961229, -0.0139749786, 0.0225253571, 0.999648571
Teleport: -525.377441, 132.690933, 431.737091, 0.999512911, 0.0312083848, 0.000121933415, -0.0312069301, 0.999491751, -0.00651109498, -0.000325072207, 0.00650411844, 0.999978781
Teleport: -526.862915, 140.241867, 432.220886, 0.999997675, -0.0021497109, 0.000245627947, 0.00214953348, 0.999997437, 0.000720597222, -0.000247176387, -0.00072006759, 0.999999702
Teleport: -528.549255, 148.959412, 432.770874, 0.99999994, 0.000359286845, 0.000169601306, -0.000359297468, 0.99999994, 6.264494e-05, -0.000169578794, -6.27058689e-05, 1
Teleport: -529.841309, 156.809402, 434.003601, 0.998847306, 0.0107426671, 0.0467828102, -0.00840033963, 0.998714864, -0.0499800406, -0.0472596064, 0.049529437, 0.997653902
Teleport: -531.60437, 165.104355, 433.886292, 0.999989986, 0.000897378253, 0.00438286178, -0.00092816673, 0.999974847, 0.00702776853, -0.00437644543, -0.00703176623, 0.999965727
Teleport: -533.052307, 172.341614, 434.30719, 0.999999702, 0.000154038804, 0.00073250616, -0.000153737958, 0.999999881, -0.000410745793, -0.000732569373, 0.000410633074, 0.999999642
Teleport: -534.651611, 180.441116, 434.77356, 0.999999881, 0.000332579337, 0.000303573877, -0.000332653115, 0.99999994, 0.000243045157, -0.000303492998, -0.000243146118, 0.99999994
Teleport: -536.389465, 189.254684, 435.310516, 0.999999881, 0.000380786252, 0.000272844627, -0.000380847341, 0.999999881, 0.000223915369, -0.000272759324, -0.000224019255, 0.99999994
Teleport: -537.863098, 196.710953, 435.769135, 0.999999881, 0.000362708815, 0.00024996046, -0.000362762046, 0.99999994, 0.000213023974, -0.00024988316, -0.000213114632, 0.99999994
Teleport: -539.456909, 205.211105, 436.26236, 0.999999821, 0.00046278612, 0.000293192745, -0.000462868833, 0.999999881, 0.000282155816, -0.000293062127, -0.000282291468, 0.99999994
Teleport: -545.552734, 204.787643, 441.440002, 0.999995053, 0.00251792534, -0.00187639403, -0.00249920809, 0.999947727, 0.00991162006, 0.00190125278, -0.00990688149, 0.999949098
Teleport: -551.789246, 200.998123, 446.857697, 0.999999881, -0.000316326536, 0.000405579573, 0.000317118276, 0.999998033, -0.00195356226, -0.000404960825, 0.00195369055, 0.999998033
Teleport: -559.718079, 198.187698, 453.669464, 0.99999994, 0.000156910624, 0.000253547158, -0.000156968978, 0.99999994, 0.00023009679, -0.00025351104, -0.000230136575, 0.99999994
Teleport: -564.956055, 196.242188, 458.183136, 0.999951184, -0.000497998495, -0.00987010542, 0.000491183484, 0.999999642, -0.000692877569, 0.00987044722, 0.000687995693, 0.999951065
Teleport: -570.905457, 194.317001, 463.281433, 0.99999392, 2.68336207e-05, -0.00348434574, -2.73244459e-05, 1, -0.000140818462, 0.00348434201, 0.000140912802, 0.99999392
Teleport: -576.922791, 192.201416, 468.451874, 0.99999994, 0.000397494907, -0.00010696613, -0.000397466938, 0.999999881, 0.00026131561, 0.000107069987, -0.00026127306, 0.99999994
Teleport: -582.44281, 190.233963, 473.192596, 0.999999881, 0.000111720059, -0.000415104616, -0.000111583904, 0.99999994, 0.000327999907, 0.000415141229, -0.000327953545, 0.999999881
Teleport: -589.050964, 187.881302, 478.868805, 0.999999285, 3.95959687e-05, -0.00117439311, -3.90344321e-05, 0.999999881, 0.00047816959, 0.00117441197, -0.000478123402, 0.999999225
Teleport: -594.662415, 185.872925, 483.689606, 0.99999994, 5.72415229e-06, -0.000399143173, -5.72167119e-06, 1, 6.21659865e-06, 0.000399143202, -6.21431445e-06, 0.99999994
Teleport: -595.290039, 185.868179, 484.229187, 0.99999994, 8.6761298e-05, -0.000346259912, -8.66950722e-05, 1, 0.000191258907, 0.000346276502, -0.000191228886, 0.99999994
Teleport: -599.257568, 181.837219, 488.374847, 0.999995947, 0.000535014318, -0.00280441856, -0.000530751597, 0.999998689, 0.00152052694, 0.00280522835, -0.00151903229, 0.999994934
Teleport: -604.395203, 176.475204, 493.729553, 0.999993384, 0.000127743348, -0.00362725114, -0.000123893304, 0.999999404, 0.00106162415, 0.00362738478, -0.0010611678, 0.999992847
Teleport: -608.822144, 171.838348, 498.345673, 0.999995351, -4.42036217e-05, -0.00305600092, 4.6214238e-05, 0.999999762, 0.00065785629, 0.00305597112, -0.000657994475, 0.999995112
Teleport: -613.486023, 167.437134, 503.157135, 0.999996305, -0.00020264987, -0.002718515, 0.000204797223, 0.999999642, 0.000789640762, 0.00271835388, -0.00079019455, 0.999996006
Teleport: -618.415894, 163.148941, 508.272003, 0.99998796, -0.00176901673, -0.00457754359, 0.00176782825, 0.999998391, -0.000263665832, 0.00457800273, 0.000255570369, 0.99998951
Teleport: -622.933594, 157.698502, 513.068298, 0.999993742, 0.000745066907, -0.00346420263, -0.000740541203, 0.999998868, 0.00130751799, 0.00346517283, -0.0013049444, 0.999993145
Teleport: -627.381531, 153.027283, 517.708557, 0.999993265, 7.47697341e-05, -0.00366587541, -7.13749978e-05, 0.999999583, 0.000926160195, 0.00366594293, -0.000925892324, 0.999992847
Teleport: -629.731079, 149.830261, 519.987915, 0.985404551, -0.0751558468, 0.152739748, 0.0635257959, 0.994796395, 0.0796528384, -0.157931328, -0.0687873513, 0.985051274
Teleport: -630.14502, 157.564072, 518.944702, 0.994789541, -0.0988458917, 0.0249641277, 0.0993364528, 0.994867921, -0.0192379523, -0.0229344163, 0.0216175616, 0.999503195
Teleport: -629.928223, 166.256912, 520.237732, 0.985865295, -0.0874184147, 0.142925158, 0.0654242635, 0.986223578, 0.151929826, -0.154237628, -0.140431568, 0.978002906
Teleport: -631.181213, 174.445816, 519.101318, 0.997977436, -0.00530891633, 0.0633473396, 0.00172215945, 0.998398781, 0.0565412901, -0.0635460764, -0.056317836, 0.996388555
Teleport: -631.513245, 182.924149, 520.869263, 0.986672521, -0.0547400191, 0.153234735, 0.0369336903, 0.99247694, 0.116727762, -0.158471629, -0.109512545, 0.981271505
Teleport: -630.879028, 188.922333, 521.755127, 0.983731747, -0.135604486, 0.117827319, 0.127204224, 0.988949955, 0.0761385635, -0.126850054, -0.0599117875, 0.990110934
Teleport: -631.103638, 199.446457, 523.03949, 0.998747349, 0.00555285253, 0.0497282818, -0.00566631835, 0.999981642, 0.00214102911, -0.0497154817, -0.00242012343, 0.998760462
Teleport: -631.266724, 208.648849, 520.591858, 0.997295856, -0.0226074085, 0.0699272901, 0.0183974411, 0.998012304, 0.0602737404, -0.0711509287, -0.058824271, 0.995729506
Teleport: -633.337158, 218.449539, 521.242371, 0.999643981, -0.00707148062, 0.0257273857, 0.00701382291, 0.999972701, 0.00233065872, -0.0257431641, -0.00214938167, 0.999666274
Teleport: -634.144775, 223.867554, 519.803467, 0.986196101, -0.105582863, -0.127551913, 0.10471496, 0.994410515, -0.0135099972, 0.128265396, -3.30873663e-05, 0.991739869
Teleport: -634.189453, 230.663925, 521.482178, 0.999752522, 0.0178632159, 0.0132596763, -0.0182141326, 0.999473989, 0.0268337075, -0.0127733648, -0.0270685796, 0.999551952
Teleport: -637.905762, 234.627838, 525.131531, 0.999897957, 0.0042896457, 0.013625144, -0.00437947735, 0.999968827, 0.00657010032, -0.0135965357, -0.006629101, 0.999885559
Teleport: -642.679688, 239.897522, 529.810425, 0.999971986, 0.00136153854, 0.0073580388, -0.00137483177, 0.999997437, 0.00180186238, -0.0073555666, -0.001811928, 0.99997133
Teleport: -647.191284, 245.640823, 534.201843, 0.999996603, 0.00255036587, -0.000498294306, -0.00254990021, 0.999996305, 0.000932579394, 0.000500670867, -0.000931305636, 0.999999464
Teleport: -651.961365, 251.067261, 538.71637, 0.99999547, -0.00167320448, 0.00250012265, 0.00167331868, 0.999998569, -4.35947113e-05, -0.00250004628, 4.77780159e-05, 0.999996901
Teleport: -652.499084, 244.605774, 540.41394, 0.994412661, -0.0756150633, -0.0736602768, 0.075247027, 0.997134686, -0.00776285073, 0.0740362033, 0.0021767607, 0.99725318
Teleport: -655.105469, 236.059372, 543.114441, 0.999679208, -0.0249131899, -0.00456354301, 0.0248864852, 0.999673367, -0.00581777375, 0.00470699137, 0.00570233678, 0.999972641
Teleport: -656.7146, 228.767944, 545.292786, 0.999997318, 0.00217127055, 0.000805735297, -0.00217167893, 0.999997497, 0.000506536453, -0.000804633426, -0.000508284837, 0.999999523
Teleport: -658.696533, 219.82753, 547.958923, 0.999999642, 1.45813265e-05, 0.000827682728, -1.45826543e-05, 1, 1.5986127e-06, -0.000827682728, -1.61068192e-06, 0.999999642
Teleport: -660.190613, 213.496506, 550.078735, 0.999887109, 0.0148756569, 0.00212021265, -0.0148337074, 0.999717116, -0.0185905583, -0.00239615957, 0.0185570084, 0.999824941
Teleport: -660.568848, 221.787781, 551.276489, 0.99998349, 0.00498715043, 0.00285038655, -0.00497594383, 0.999979913, -0.00392529368, -0.00286990544, 0.00391104538, 0.999988258
Teleport: -660.263977, 229.991913, 551.884705, 0.999085188, -0.0352529623, -0.0242087003, 0.0352368504, 0.999378383, -0.00109197339, 0.0242321473, 0.000237936008, 0.999706328
Teleport: -659.603943, 239.654388, 553.991882, 0.999100268, 0.0206069574, -0.0370673351, -0.0212475546, 0.999630153, -0.0169718303, 0.0367038846, 0.0177441519, 0.999168634
Teleport: -660.731018, 247.130692, 553.78479, 0.999075234, -0.00691030174, 0.0424377248, 0.00678541698, 0.999972224, 0.00308610871, -0.0424578711, -0.00279529719, 0.999094367
Teleport: -661.858093, 256.625793, 555.522522, 0.998919308, 0.000207533289, 0.0464775749, -0.0014750876, 0.999627829, 0.0272397473, -0.0464546271, -0.0272788685, 0.998547852
Teleport: -662.496216, 263.26947, 557.260986, 0.999999166, 0.000560533023, 0.00116086961, -0.000558552449, 0.999998391, -0.00170573895, -0.00116182386, 0.00170508912, 0.999997854
Teleport: -662.615234, 265.462555, 557.59552, 0.999999881, 0.000194302702, 0.000494505395, -0.000194439781, 0.99999994, 0.000277160289, -0.000494451495, -0.000277256389, 0.999999821
Teleport: -667.937012, 267.472015, 561.465149, 0.999999642, 0.000285852788, 0.000830810051, -0.000285935123, 0.99999994, 9.89698383e-05, -0.000830781704, -9.92073547e-05, 0.999999642
Teleport: -676.325989, 270.33905, 567.56427, 0.999999583, 0.000369582878, 0.000854118669, -0.000369658461, 0.99999994, 8.83334069e-05, -0.000854085956, -8.86491034e-05, 0.999999642
Teleport: -680.74646, 271.876648, 570.778015, 0.999999881, 8.73033205e-05, 0.000475568348, -8.73257959e-05, 1, 4.72316642e-05, -0.000475564215, -4.72731881e-05, 0.999999881
Teleport: -687.572388, 274.271912, 575.740845, 0.999999881, 0.000130126486, 0.000432747242, -0.000130145316, 1, 4.34873182e-05, -0.000432741566, -4.35436341e-05, 0.999999881
Teleport: -693.766296, 276.379974, 580.244263, 0.999999881, 0.000179044378, 0.000501691073, -0.000179059862, 1, 3.08061499e-05, -0.000501685543, -3.08959789e-05, 0.999999881
Teleport: -702.335266, 279.519012, 586.474426, 0.999999881, 0.000172634027, 0.000411980174, -0.000172656204, 1, 5.37899905e-05, -0.00041197089, -5.38611166e-05, 0.99999994
Teleport: -707.219482, 281.073669, 590.025452, 0.99999994, 0.000112529655, 0.000329756585, -0.000112534537, 1, 1.47859519e-05, -0.000329754926, -1.48230592e-05, 0.99999994
Teleport: -716.292419, 284.71756, 596.621948, 0.999999762, 0.000384261337, 0.000555047358, -0.000384294253, 0.99999994, 5.92292381e-05, -0.000555024541, -5.94425255e-05, 0.999999821
Teleport: -721.330505, 286.733398, 600.285156, 0.999999344, 0.000693491253, 0.000929463829, -0.000693621347, 0.999999762, 0.000139603129, -0.000929366797, -0.000140247736, 0.999999583
Teleport: -723.473511, 287.492981, 601.843323, 0.999999702, 0.000398591714, 0.000677525881, -0.000398622942, 0.99999994, 4.59573457e-05, -0.000677507545, -4.62274074e-05, 0.999999762
Teleport: -727.777222, 291.732239, 604.084045, 0.999999106, 0.000346258166, 0.00130012084, -0.000346382294, 0.99999994, 9.52611299e-05, -0.00130008778, -9.57113807e-05, 0.999999166
Teleport: -736.353027, 299.81308, 608.550659, 0.999999404, 0.000395422976, 0.00100189645, -0.000395429408, 0.99999994, 6.19774619e-06, -0.00100189401, -6.59392163e-06, 0.999999523
Teleport: -740.561707, 303.912323, 610.743652, 0.999999821, 0.000174682515, 0.00052096846, -0.000174692599, 1, 1.92910466e-05, -0.000520965026, -1.93820542e-05, 0.999999881
Teleport: -743.904907, 307.02301, 612.484802, 0.999999762, 0.000237957938, 0.000643592677, -0.000237965171, 1, 1.11564159e-05, -0.00064359, -1.13095657e-05, 0.999999821
Teleport: -749.350952, 312.223114, 615.320923, 0.999999583, 0.000422956538, 0.000792623381, -0.000422972342, 0.999999881, 1.98014586e-05, -0.000792614941, -2.01367093e-05, 0.999999702
Teleport: -754.677917, 317.22702, 618.095581, 0.999999642, 0.000345568318, 0.000748540508, -0.000345578796, 0.99999994, 1.38877294e-05, -0.000748535676, -1.41464043e-05, 0.999999702
Teleport: -762.190796, 324.592468, 622.009155, 0.999999881, 0.000221093927, 0.000382620521, -0.000221096445, 1, 6.53704183e-06, -0.000382619066, -6.62163711e-06, 0.99999994
Teleport: -766.189514, 329.041412, 624.06897, 0.999898314, 0.0142212538, 0.00106011215, -0.0142279062, 0.999877274, 0.00655617472, -0.000966744905, -0.00657059113, 0.999977946
Teleport: -768.551941, 338.21756, 631.770752, 0.999996722, 0.00223185518, 0.00127332867, -0.0022333404, 0.999996841, 0.00116620969, -0.00127072178, -0.00116904965, 0.99999851
Teleport: -769.667175, 342.439728, 635.38855, 0.999997973, 0.00171181222, 0.00104101107, -0.00171258766, 0.999998271, 0.0007444332, -0.00103973493, -0.000746214529, 0.999999166
Teleport: -771.094177, 349.361755, 640.515564, 0.999608874, 0.00743049011, -0.0269613769, -0.00745898578, 0.999971747, -0.000956495467, 0.0269535072, 0.00115722592, 0.999635994
Teleport: -772.754395, 354.453766, 645.449646, 0.999998927, 0.000920267368, 0.0011592923, -0.000921657775, 0.999998868, 0.0011993869, -0.00115818728, -0.00120045408, 0.999998629
Teleport: -774.376953, 360.737091, 650.712158, 0.999999642, 0.00012367047, 0.000814202824, -0.000123732418, 1, 7.60283874e-05, -0.000814193394, -7.61291012e-05, 0.999999642
Teleport: -778.815002, 377.655609, 665.165466, 0.999998868, 0.000480450835, -0.00140926358, -0.000478558359, 0.999998987, 0.00134290871, 0.00140990736, -0.0013422328, 0.999998093
Teleport: -778.80072, 377.706665, 665.154602, 0.999990225, 0.000494041073, -0.00439811917, -0.000483160897, 0.999996841, 0.00247454038, 0.00439932756, -0.00247239112, 0.999987245
Teleport: -785.875977, 383.916473, 670.419189, 0.999950111, 0.000380551151, -0.00997870974, -0.000339327264, 0.999991417, 0.00413255161, 0.00998019706, -0.0041289595, 0.999941647
Teleport: -796.948608, 393.554626, 678.658813, 0.999923468, 0.000343366788, -0.0123649566, -0.000282330875, 0.999987781, 0.00493760826, 0.0123665007, -0.00493373955, 0.999911368
Teleport: -803.889832, 399.550201, 683.824158, 0.999911666, 0.000325664761, -0.0132856723, -0.0002562023, 0.999986291, 0.0052297418, 0.0132871931, -0.00522587635, 0.999898076
